# inital params (t0, dt0, extra1, extra2, chi2/ndf)
1 11 1 0.0 0.0 0.0 0.0 0.0
1 11 2 0.0 0.0 0.0 0.0 0.0
1 11 3 0.0 0.0 0.0 0.0 0.0
1 11 4 0.0 0.0 0.0 0.0 0.0
1 11 5 0.0 0.0 0.0 0.0 0.0
1 11 6 0.0 0.0 0.0 0.0 0.0
1 11 7 0.0 0.0 0.0 0.0 0.0
1 11 8 0.0 0.0 0.0 0.0 0.0
1 11 9 0.0 0.0 0.0 0.0 0.0
1 11 10 0.0 0.0 0.0 0.0 0.0
1 11 11 0.0 0.0 0.0 0.0 0.0
1 11 12 0.0 0.0 0.0 0.0 0.0
1 11 13 0.0 0.0 0.0 0.0 0.0
1 11 14 0.0 0.0 0.0 0.0 0.0
1 11 15 0.0 0.0 0.0 0.0 0.0
1 11 16 0.0 0.0 0.0 0.0 0.0
1 11 17 0.0 0.0 0.0 0.0 0.0
1 11 18 0.0 0.0 0.0 0.0 0.0
1 11 19 0.0 0.0 0.0 0.0 0.0
1 11 20 0.0 0.0 0.0 0.0 0.0
1 11 21 0.0 0.0 0.0 0.0 0.0
1 11 22 0.0 0.0 0.0 0.0 0.0
1 11 23 0.0 0.0 0.0 0.0 0.0
1 11 24 0.0 0.0 0.0 0.0 0.0
1 11 25 0.0 0.0 0.0 0.0 0.0
1 11 26 0.0 0.0 0.0 0.0 0.0
1 11 27 0.0 0.0 0.0 0.0 0.0
1 11 28 0.0 0.0 0.0 0.0 0.0
1 11 29 0.0 0.0 0.0 0.0 0.0
1 11 30 0.0 0.0 0.0 0.0 0.0
1 11 31 0.0 0.0 0.0 0.0 0.0
1 11 32 0.0 0.0 0.0 0.0 0.0
1 11 33 0.0 0.0 0.0 0.0 0.0
1 11 34 0.0 0.0 0.0 0.0 0.0
1 11 35 0.0 0.0 0.0 0.0 0.0
1 11 36 0.0 0.0 0.0 0.0 0.0
1 11 37 0.0 0.0 0.0 0.0 0.0
1 11 38 0.0 0.0 0.0 0.0 0.0
1 11 39 0.0 0.0 0.0 0.0 0.0
1 11 40 0.0 0.0 0.0 0.0 0.0
1 11 41 0.0 0.0 0.0 0.0 0.0
1 11 42 0.0 0.0 0.0 0.0 0.0
1 11 43 0.0 0.0 0.0 0.0 0.0
1 11 44 0.0 0.0 0.0 0.0 0.0
1 11 45 0.0 0.0 0.0 0.0 0.0
1 11 46 0.0 0.0 0.0 0.0 0.0
1 11 47 0.0 0.0 0.0 0.0 0.0
1 21 1 0.0 0.0 0.0 0.0 0.0
1 21 2 0.0 0.0 0.0 0.0 0.0
1 21 3 0.0 0.0 0.0 0.0 0.0
1 21 4 0.0 0.0 0.0 0.0 0.0
1 21 5 0.0 0.0 0.0 0.0 0.0
1 21 6 0.0 0.0 0.0 0.0 0.0
1 21 7 0.0 0.0 0.0 0.0 0.0
1 21 8 0.0 0.0 0.0 0.0 0.0
1 21 9 0.0 0.0 0.0 0.0 0.0
1 21 10 0.0 0.0 0.0 0.0 0.0
1 21 11 0.0 0.0 0.0 0.0 0.0
1 21 12 0.0 0.0 0.0 0.0 0.0
1 21 13 0.0 0.0 0.0 0.0 0.0
1 21 14 0.0 0.0 0.0 0.0 0.0
1 21 15 0.0 0.0 0.0 0.0 0.0
1 21 16 0.0 0.0 0.0 0.0 0.0
1 21 17 0.0 0.0 0.0 0.0 0.0
1 21 18 0.0 0.0 0.0 0.0 0.0
1 21 19 0.0 0.0 0.0 0.0 0.0
1 21 20 0.0 0.0 0.0 0.0 0.0
1 21 21 0.0 0.0 0.0 0.0 0.0
1 21 22 0.0 0.0 0.0 0.0 0.0
1 21 23 0.0 0.0 0.0 0.0 0.0
1 21 24 0.0 0.0 0.0 0.0 0.0
1 21 25 0.0 0.0 0.0 0.0 0.0
1 21 26 0.0 0.0 0.0 0.0 0.0
1 21 27 0.0 0.0 0.0 0.0 0.0
1 21 28 0.0 0.0 0.0 0.0 0.0
1 21 29 0.0 0.0 0.0 0.0 0.0
1 21 30 0.0 0.0 0.0 0.0 0.0
1 21 31 0.0 0.0 0.0 0.0 0.0
1 21 32 0.0 0.0 0.0 0.0 0.0
1 21 33 0.0 0.0 0.0 0.0 0.0
1 21 34 0.0 0.0 0.0 0.0 0.0
1 21 35 0.0 0.0 0.0 0.0 0.0
1 21 36 0.0 0.0 0.0 0.0 0.0
1 21 37 0.0 0.0 0.0 0.0 0.0
1 21 38 0.0 0.0 0.0 0.0 0.0
1 21 39 0.0 0.0 0.0 0.0 0.0
1 21 40 0.0 0.0 0.0 0.0 0.0
1 21 41 0.0 0.0 0.0 0.0 0.0
1 21 42 0.0 0.0 0.0 0.0 0.0
1 21 43 0.0 0.0 0.0 0.0 0.0
1 21 44 0.0 0.0 0.0 0.0 0.0
1 21 45 0.0 0.0 0.0 0.0 0.0
1 21 46 0.0 0.0 0.0 0.0 0.0
1 21 47 0.0 0.0 0.0 0.0 0.0
1 21 48 0.0 0.0 0.0 0.0 0.0
1 21 49 0.0 0.0 0.0 0.0 0.0
1 21 50 0.0 0.0 0.0 0.0 0.0
1 21 51 0.0 0.0 0.0 0.0 0.0
1 21 52 0.0 0.0 0.0 0.0 0.0
1 21 53 0.0 0.0 0.0 0.0 0.0
1 21 54 0.0 0.0 0.0 0.0 0.0
1 21 55 0.0 0.0 0.0 0.0 0.0
1 21 56 0.0 0.0 0.0 0.0 0.0
1 22 1 0.0 0.0 0.0 0.0 0.0
1 22 2 0.0 0.0 0.0 0.0 0.0
1 22 3 0.0 0.0 0.0 0.0 0.0
1 22 4 0.0 0.0 0.0 0.0 0.0
1 22 5 0.0 0.0 0.0 0.0 0.0
1 22 6 0.0 0.0 0.0 0.0 0.0
1 22 7 0.0 0.0 0.0 0.0 0.0
1 22 8 0.0 0.0 0.0 0.0 0.0
1 22 9 0.0 0.0 0.0 0.0 0.0
1 22 10 0.0 0.0 0.0 0.0 0.0
1 22 11 0.0 0.0 0.0 0.0 0.0
1 22 12 0.0 0.0 0.0 0.0 0.0
1 22 13 0.0 0.0 0.0 0.0 0.0
1 22 14 0.0 0.0 0.0 0.0 0.0
1 22 15 0.0 0.0 0.0 0.0 0.0
1 22 16 0.0 0.0 0.0 0.0 0.0
1 22 17 0.0 0.0 0.0 0.0 0.0
1 22 18 0.0 0.0 0.0 0.0 0.0
1 22 19 0.0 0.0 0.0 0.0 0.0
1 22 20 0.0 0.0 0.0 0.0 0.0
1 22 21 0.0 0.0 0.0 0.0 0.0
1 22 22 0.0 0.0 0.0 0.0 0.0
1 22 23 0.0 0.0 0.0 0.0 0.0
1 22 24 0.0 0.0 0.0 0.0 0.0
1 22 25 0.0 0.0 0.0 0.0 0.0
1 22 26 0.0 0.0 0.0 0.0 0.0
1 22 27 0.0 0.0 0.0 0.0 0.0
1 22 28 0.0 0.0 0.0 0.0 0.0
1 22 29 0.0 0.0 0.0 0.0 0.0
1 22 30 0.0 0.0 0.0 0.0 0.0
1 22 31 0.0 0.0 0.0 0.0 0.0
1 22 32 0.0 0.0 0.0 0.0 0.0
1 22 33 0.0 0.0 0.0 0.0 0.0
1 22 34 0.0 0.0 0.0 0.0 0.0
1 22 35 0.0 0.0 0.0 0.0 0.0
1 22 36 0.0 0.0 0.0 0.0 0.0
1 22 37 0.0 0.0 0.0 0.0 0.0
1 22 38 0.0 0.0 0.0 0.0 0.0
1 22 39 0.0 0.0 0.0 0.0 0.0
1 22 40 0.0 0.0 0.0 0.0 0.0
1 22 41 0.0 0.0 0.0 0.0 0.0
1 22 42 0.0 0.0 0.0 0.0 0.0
1 22 43 0.0 0.0 0.0 0.0 0.0
1 22 44 0.0 0.0 0.0 0.0 0.0
1 22 45 0.0 0.0 0.0 0.0 0.0
1 22 46 0.0 0.0 0.0 0.0 0.0
1 22 47 0.0 0.0 0.0 0.0 0.0
1 22 48 0.0 0.0 0.0 0.0 0.0
1 22 49 0.0 0.0 0.0 0.0 0.0
1 22 50 0.0 0.0 0.0 0.0 0.0
1 22 51 0.0 0.0 0.0 0.0 0.0
1 22 52 0.0 0.0 0.0 0.0 0.0
1 22 53 0.0 0.0 0.0 0.0 0.0
1 22 54 0.0 0.0 0.0 0.0 0.0
1 22 55 0.0 0.0 0.0 0.0 0.0
1 22 56 0.0 0.0 0.0 0.0 0.0
1 31 1 0.0 0.0 0.0 0.0 0.0
1 31 2 0.0 0.0 0.0 0.0 0.0
1 31 3 0.0 0.0 0.0 0.0 0.0
1 31 4 0.0 0.0 0.0 0.0 0.0
1 31 5 0.0 0.0 0.0 0.0 0.0
1 31 6 0.0 0.0 0.0 0.0 0.0
1 31 7 0.0 0.0 0.0 0.0 0.0
1 31 8 0.0 0.0 0.0 0.0 0.0
1 31 9 0.0 0.0 0.0 0.0 0.0
1 31 10 0.0 0.0 0.0 0.0 0.0
1 31 11 0.0 0.0 0.0 0.0 0.0
1 31 12 0.0 0.0 0.0 0.0 0.0
1 31 13 0.0 0.0 0.0 0.0 0.0
1 31 14 0.0 0.0 0.0 0.0 0.0
1 31 15 0.0 0.0 0.0 0.0 0.0
1 31 16 0.0 0.0 0.0 0.0 0.0
1 31 17 0.0 0.0 0.0 0.0 0.0
1 31 18 0.0 0.0 0.0 0.0 0.0
1 31 19 0.0 0.0 0.0 0.0 0.0
1 31 20 0.0 0.0 0.0 0.0 0.0
1 31 21 0.0 0.0 0.0 0.0 0.0
1 31 22 0.0 0.0 0.0 0.0 0.0
1 31 23 0.0 0.0 0.0 0.0 0.0
1 31 24 0.0 0.0 0.0 0.0 0.0
1 31 25 0.0 0.0 0.0 0.0 0.0
1 31 26 0.0 0.0 0.0 0.0 0.0
1 31 27 0.0 0.0 0.0 0.0 0.0
1 31 28 0.0 0.0 0.0 0.0 0.0
1 31 29 0.0 0.0 0.0 0.0 0.0
1 31 30 0.0 0.0 0.0 0.0 0.0
1 31 31 0.0 0.0 0.0 0.0 0.0
1 31 32 0.0 0.0 0.0 0.0 0.0
1 31 33 0.0 0.0 0.0 0.0 0.0
1 31 34 0.0 0.0 0.0 0.0 0.0
1 31 35 0.0 0.0 0.0 0.0 0.0
1 31 36 0.0 0.0 0.0 0.0 0.0
1 31 37 0.0 0.0 0.0 0.0 0.0
1 31 38 0.0 0.0 0.0 0.0 0.0
1 31 39 0.0 0.0 0.0 0.0 0.0
1 31 40 0.0 0.0 0.0 0.0 0.0
1 31 41 0.0 0.0 0.0 0.0 0.0
1 31 42 0.0 0.0 0.0 0.0 0.0
1 31 43 0.0 0.0 0.0 0.0 0.0
1 31 44 0.0 0.0 0.0 0.0 0.0
1 31 45 0.0 0.0 0.0 0.0 0.0
1 31 46 0.0 0.0 0.0 0.0 0.0
1 31 47 0.0 0.0 0.0 0.0 0.0
1 31 48 0.0 0.0 0.0 0.0 0.0
1 31 49 0.0 0.0 0.0 0.0 0.0
1 31 50 0.0 0.0 0.0 0.0 0.0
1 31 51 0.0 0.0 0.0 0.0 0.0
1 31 52 0.0 0.0 0.0 0.0 0.0
1 31 53 0.0 0.0 0.0 0.0 0.0
1 31 54 0.0 0.0 0.0 0.0 0.0
1 31 55 0.0 0.0 0.0 0.0 0.0
1 31 56 0.0 0.0 0.0 0.0 0.0
1 31 57 0.0 0.0 0.0 0.0 0.0
1 31 58 0.0 0.0 0.0 0.0 0.0
1 31 59 0.0 0.0 0.0 0.0 0.0
1 31 60 0.0 0.0 0.0 0.0 0.0
1 31 61 0.0 0.0 0.0 0.0 0.0
1 31 62 0.0 0.0 0.0 0.0 0.0
1 31 63 0.0 0.0 0.0 0.0 0.0
1 31 64 0.0 0.0 0.0 0.0 0.0
1 31 65 0.0 0.0 0.0 0.0 0.0
1 31 66 0.0 0.0 0.0 0.0 0.0
1 31 67 0.0 0.0 0.0 0.0 0.0
1 31 68 0.0 0.0 0.0 0.0 0.0
1 31 69 0.0 0.0 0.0 0.0 0.0
1 31 70 0.0 0.0 0.0 0.0 0.0
1 31 71 0.0 0.0 0.0 0.0 0.0
1 31 72 0.0 0.0 0.0 0.0 0.0
1 32 1 0.0 0.0 0.0 0.0 0.0
1 32 2 0.0 0.0 0.0 0.0 0.0
1 32 3 0.0 0.0 0.0 0.0 0.0
1 32 4 0.0 0.0 0.0 0.0 0.0
1 32 5 0.0 0.0 0.0 0.0 0.0
1 32 6 0.0 0.0 0.0 0.0 0.0
1 32 7 0.0 0.0 0.0 0.0 0.0
1 32 8 0.0 0.0 0.0 0.0 0.0
1 32 9 0.0 0.0 0.0 0.0 0.0
1 32 10 0.0 0.0 0.0 0.0 0.0
1 32 11 0.0 0.0 0.0 0.0 0.0
1 32 12 0.0 0.0 0.0 0.0 0.0
1 32 13 0.0 0.0 0.0 0.0 0.0
1 32 14 0.0 0.0 0.0 0.0 0.0
1 32 15 0.0 0.0 0.0 0.0 0.0
1 32 16 0.0 0.0 0.0 0.0 0.0
1 32 17 0.0 0.0 0.0 0.0 0.0
1 32 18 0.0 0.0 0.0 0.0 0.0
1 32 19 0.0 0.0 0.0 0.0 0.0
1 32 20 0.0 0.0 0.0 0.0 0.0
1 32 21 0.0 0.0 0.0 0.0 0.0
1 32 22 0.0 0.0 0.0 0.0 0.0
1 32 23 0.0 0.0 0.0 0.0 0.0
1 32 24 0.0 0.0 0.0 0.0 0.0
1 32 25 0.0 0.0 0.0 0.0 0.0
1 32 26 0.0 0.0 0.0 0.0 0.0
1 32 27 0.0 0.0 0.0 0.0 0.0
1 32 28 0.0 0.0 0.0 0.0 0.0
1 32 29 0.0 0.0 0.0 0.0 0.0
1 32 30 0.0 0.0 0.0 0.0 0.0
1 32 31 0.0 0.0 0.0 0.0 0.0
1 32 32 0.0 0.0 0.0 0.0 0.0
1 32 33 0.0 0.0 0.0 0.0 0.0
1 32 34 0.0 0.0 0.0 0.0 0.0
1 32 35 0.0 0.0 0.0 0.0 0.0
1 32 36 0.0 0.0 0.0 0.0 0.0
1 32 37 0.0 0.0 0.0 0.0 0.0
1 32 38 0.0 0.0 0.0 0.0 0.0
1 32 39 0.0 0.0 0.0 0.0 0.0
1 32 40 0.0 0.0 0.0 0.0 0.0
1 32 41 0.0 0.0 0.0 0.0 0.0
1 32 42 0.0 0.0 0.0 0.0 0.0
1 32 43 0.0 0.0 0.0 0.0 0.0
1 32 44 0.0 0.0 0.0 0.0 0.0
1 32 45 0.0 0.0 0.0 0.0 0.0
1 32 46 0.0 0.0 0.0 0.0 0.0
1 32 47 0.0 0.0 0.0 0.0 0.0
1 32 48 0.0 0.0 0.0 0.0 0.0
1 32 49 0.0 0.0 0.0 0.0 0.0
1 32 50 0.0 0.0 0.0 0.0 0.0
1 32 51 0.0 0.0 0.0 0.0 0.0
1 32 52 0.0 0.0 0.0 0.0 0.0
1 32 53 0.0 0.0 0.0 0.0 0.0
1 32 54 0.0 0.0 0.0 0.0 0.0
1 32 55 0.0 0.0 0.0 0.0 0.0
1 32 56 0.0 0.0 0.0 0.0 0.0
1 32 57 0.0 0.0 0.0 0.0 0.0
1 32 58 0.0 0.0 0.0 0.0 0.0
1 32 59 0.0 0.0 0.0 0.0 0.0
1 32 60 0.0 0.0 0.0 0.0 0.0
1 32 61 0.0 0.0 0.0 0.0 0.0
1 32 62 0.0 0.0 0.0 0.0 0.0
1 32 63 0.0 0.0 0.0 0.0 0.0
1 32 64 0.0 0.0 0.0 0.0 0.0
1 32 65 0.0 0.0 0.0 0.0 0.0
1 32 66 0.0 0.0 0.0 0.0 0.0
1 32 67 0.0 0.0 0.0 0.0 0.0
1 32 68 0.0 0.0 0.0 0.0 0.0
1 32 69 0.0 0.0 0.0 0.0 0.0
1 32 70 0.0 0.0 0.0 0.0 0.0
1 32 71 0.0 0.0 0.0 0.0 0.0
1 32 72 0.0 0.0 0.0 0.0 0.0
1 41 1 0.0 0.0 0.0 0.0 0.0
1 41 2 0.0 0.0 0.0 0.0 0.0
1 41 3 0.0 0.0 0.0 0.0 0.0
1 41 4 0.0 0.0 0.0 0.0 0.0
1 41 5 0.0 0.0 0.0 0.0 0.0
1 41 6 0.0 0.0 0.0 0.0 0.0
1 41 7 0.0 0.0 0.0 0.0 0.0
1 41 8 0.0 0.0 0.0 0.0 0.0
1 41 9 0.0 0.0 0.0 0.0 0.0
1 41 10 0.0 0.0 0.0 0.0 0.0
1 41 11 0.0 0.0 0.0 0.0 0.0
1 41 12 0.0 0.0 0.0 0.0 0.0
1 41 13 0.0 0.0 0.0 0.0 0.0
1 41 14 0.0 0.0 0.0 0.0 0.0
1 41 15 0.0 0.0 0.0 0.0 0.0
1 41 16 0.0 0.0 0.0 0.0 0.0
1 41 17 0.0 0.0 0.0 0.0 0.0
1 41 18 0.0 0.0 0.0 0.0 0.0
1 41 19 0.0 0.0 0.0 0.0 0.0
1 41 20 0.0 0.0 0.0 0.0 0.0
1 41 21 0.0 0.0 0.0 0.0 0.0
1 41 22 0.0 0.0 0.0 0.0 0.0
1 41 23 0.0 0.0 0.0 0.0 0.0
1 41 24 0.0 0.0 0.0 0.0 0.0
1 41 25 0.0 0.0 0.0 0.0 0.0
1 41 26 0.0 0.0 0.0 0.0 0.0
1 41 27 0.0 0.0 0.0 0.0 0.0
1 41 28 0.0 0.0 0.0 0.0 0.0
1 41 29 0.0 0.0 0.0 0.0 0.0
1 41 30 0.0 0.0 0.0 0.0 0.0
1 41 31 0.0 0.0 0.0 0.0 0.0
1 41 32 0.0 0.0 0.0 0.0 0.0
1 41 33 0.0 0.0 0.0 0.0 0.0
1 41 34 0.0 0.0 0.0 0.0 0.0
1 41 35 0.0 0.0 0.0 0.0 0.0
1 41 36 0.0 0.0 0.0 0.0 0.0
1 41 37 0.0 0.0 0.0 0.0 0.0
1 41 38 0.0 0.0 0.0 0.0 0.0
1 41 39 0.0 0.0 0.0 0.0 0.0
1 41 40 0.0 0.0 0.0 0.0 0.0
1 41 41 0.0 0.0 0.0 0.0 0.0
1 41 42 0.0 0.0 0.0 0.0 0.0
1 41 43 0.0 0.0 0.0 0.0 0.0
1 41 44 0.0 0.0 0.0 0.0 0.0
1 41 45 0.0 0.0 0.0 0.0 0.0
1 41 46 0.0 0.0 0.0 0.0 0.0
1 41 47 0.0 0.0 0.0 0.0 0.0
1 41 48 0.0 0.0 0.0 0.0 0.0
1 41 49 0.0 0.0 0.0 0.0 0.0
1 41 50 0.0 0.0 0.0 0.0 0.0
1 41 51 0.0 0.0 0.0 0.0 0.0
1 41 52 0.0 0.0 0.0 0.0 0.0
1 41 53 0.0 0.0 0.0 0.0 0.0
1 41 54 0.0 0.0 0.0 0.0 0.0
1 41 55 0.0 0.0 0.0 0.0 0.0
1 41 56 0.0 0.0 0.0 0.0 0.0
1 41 57 0.0 0.0 0.0 0.0 0.0
1 41 58 0.0 0.0 0.0 0.0 0.0
1 41 59 0.0 0.0 0.0 0.0 0.0
1 41 60 0.0 0.0 0.0 0.0 0.0
1 41 61 0.0 0.0 0.0 0.0 0.0
1 41 62 0.0 0.0 0.0 0.0 0.0
1 41 63 0.0 0.0 0.0 0.0 0.0
1 41 64 0.0 0.0 0.0 0.0 0.0
1 41 65 0.0 0.0 0.0 0.0 0.0
1 41 66 0.0 0.0 0.0 0.0 0.0
1 41 67 0.0 0.0 0.0 0.0 0.0
1 41 68 0.0 0.0 0.0 0.0 0.0
1 41 69 0.0 0.0 0.0 0.0 0.0
1 41 70 0.0 0.0 0.0 0.0 0.0
1 41 71 0.0 0.0 0.0 0.0 0.0
1 41 72 0.0 0.0 0.0 0.0 0.0
1 41 73 0.0 0.0 0.0 0.0 0.0
1 41 74 0.0 0.0 0.0 0.0 0.0
1 41 75 0.0 0.0 0.0 0.0 0.0
1 41 76 0.0 0.0 0.0 0.0 0.0
1 41 77 0.0 0.0 0.0 0.0 0.0
1 41 78 0.0 0.0 0.0 0.0 0.0
1 41 79 0.0 0.0 0.0 0.0 0.0
1 41 80 0.0 0.0 0.0 0.0 0.0
1 41 81 0.0 0.0 0.0 0.0 0.0
1 41 82 0.0 0.0 0.0 0.0 0.0
1 41 83 0.0 0.0 0.0 0.0 0.0
1 41 84 0.0 0.0 0.0 0.0 0.0
1 41 85 0.0 0.0 0.0 0.0 0.0
1 41 86 0.0 0.0 0.0 0.0 0.0
1 41 87 0.0 0.0 0.0 0.0 0.0
1 42 1 0.0 0.0 0.0 0.0 0.0
1 42 2 0.0 0.0 0.0 0.0 0.0
1 42 3 0.0 0.0 0.0 0.0 0.0
1 42 4 0.0 0.0 0.0 0.0 0.0
1 42 5 0.0 0.0 0.0 0.0 0.0
1 42 6 0.0 0.0 0.0 0.0 0.0
1 42 7 0.0 0.0 0.0 0.0 0.0
1 42 8 0.0 0.0 0.0 0.0 0.0
1 42 9 0.0 0.0 0.0 0.0 0.0
1 42 10 0.0 0.0 0.0 0.0 0.0
1 42 11 0.0 0.0 0.0 0.0 0.0
1 42 12 0.0 0.0 0.0 0.0 0.0
1 42 13 0.0 0.0 0.0 0.0 0.0
1 42 14 0.0 0.0 0.0 0.0 0.0
1 42 15 0.0 0.0 0.0 0.0 0.0
1 42 16 0.0 0.0 0.0 0.0 0.0
1 42 17 0.0 0.0 0.0 0.0 0.0
1 42 18 0.0 0.0 0.0 0.0 0.0
1 42 19 0.0 0.0 0.0 0.0 0.0
1 42 20 0.0 0.0 0.0 0.0 0.0
1 42 21 0.0 0.0 0.0 0.0 0.0
1 42 22 0.0 0.0 0.0 0.0 0.0
1 42 23 0.0 0.0 0.0 0.0 0.0
1 42 24 0.0 0.0 0.0 0.0 0.0
1 42 25 0.0 0.0 0.0 0.0 0.0
1 42 26 0.0 0.0 0.0 0.0 0.0
1 42 27 0.0 0.0 0.0 0.0 0.0
1 42 28 0.0 0.0 0.0 0.0 0.0
1 42 29 0.0 0.0 0.0 0.0 0.0
1 42 30 0.0 0.0 0.0 0.0 0.0
1 42 31 0.0 0.0 0.0 0.0 0.0
1 42 32 0.0 0.0 0.0 0.0 0.0
1 42 33 0.0 0.0 0.0 0.0 0.0
1 42 34 0.0 0.0 0.0 0.0 0.0
1 42 35 0.0 0.0 0.0 0.0 0.0
1 42 36 0.0 0.0 0.0 0.0 0.0
1 42 37 0.0 0.0 0.0 0.0 0.0
1 42 38 0.0 0.0 0.0 0.0 0.0
1 42 39 0.0 0.0 0.0 0.0 0.0
1 42 40 0.0 0.0 0.0 0.0 0.0
1 42 41 0.0 0.0 0.0 0.0 0.0
1 42 42 0.0 0.0 0.0 0.0 0.0
1 42 43 0.0 0.0 0.0 0.0 0.0
1 42 44 0.0 0.0 0.0 0.0 0.0
1 42 45 0.0 0.0 0.0 0.0 0.0
1 42 46 0.0 0.0 0.0 0.0 0.0
1 42 47 0.0 0.0 0.0 0.0 0.0
1 42 48 0.0 0.0 0.0 0.0 0.0
1 42 49 0.0 0.0 0.0 0.0 0.0
1 42 50 0.0 0.0 0.0 0.0 0.0
1 42 51 0.0 0.0 0.0 0.0 0.0
1 42 52 0.0 0.0 0.0 0.0 0.0
1 42 53 0.0 0.0 0.0 0.0 0.0
1 42 54 0.0 0.0 0.0 0.0 0.0
1 42 55 0.0 0.0 0.0 0.0 0.0
1 42 56 0.0 0.0 0.0 0.0 0.0
1 42 57 0.0 0.0 0.0 0.0 0.0
1 42 58 0.0 0.0 0.0 0.0 0.0
1 42 59 0.0 0.0 0.0 0.0 0.0
1 42 60 0.0 0.0 0.0 0.0 0.0
1 42 61 0.0 0.0 0.0 0.0 0.0
1 42 62 0.0 0.0 0.0 0.0 0.0
1 42 63 0.0 0.0 0.0 0.0 0.0
1 42 64 0.0 0.0 0.0 0.0 0.0
1 42 65 0.0 0.0 0.0 0.0 0.0
1 42 66 0.0 0.0 0.0 0.0 0.0
1 42 67 0.0 0.0 0.0 0.0 0.0
1 42 68 0.0 0.0 0.0 0.0 0.0
1 42 69 0.0 0.0 0.0 0.0 0.0
1 42 70 0.0 0.0 0.0 0.0 0.0
1 42 71 0.0 0.0 0.0 0.0 0.0
1 42 72 0.0 0.0 0.0 0.0 0.0
1 42 73 0.0 0.0 0.0 0.0 0.0
1 42 74 0.0 0.0 0.0 0.0 0.0
1 42 75 0.0 0.0 0.0 0.0 0.0
1 42 76 0.0 0.0 0.0 0.0 0.0
1 42 77 0.0 0.0 0.0 0.0 0.0
1 42 78 0.0 0.0 0.0 0.0 0.0
1 42 79 0.0 0.0 0.0 0.0 0.0
1 42 80 0.0 0.0 0.0 0.0 0.0
1 42 81 0.0 0.0 0.0 0.0 0.0
1 42 82 0.0 0.0 0.0 0.0 0.0
1 42 83 0.0 0.0 0.0 0.0 0.0
1 42 84 0.0 0.0 0.0 0.0 0.0
1 42 85 0.0 0.0 0.0 0.0 0.0
1 42 86 0.0 0.0 0.0 0.0 0.0
1 42 87 0.0 0.0 0.0 0.0 0.0
1 51 1 0.0 0.0 0.0 0.0 0.0
1 51 2 0.0 0.0 0.0 0.0 0.0
1 51 3 0.0 0.0 0.0 0.0 0.0
1 51 4 0.0 0.0 0.0 0.0 0.0
1 51 5 0.0 0.0 0.0 0.0 0.0
1 51 6 0.0 0.0 0.0 0.0 0.0
1 51 7 0.0 0.0 0.0 0.0 0.0
1 51 8 0.0 0.0 0.0 0.0 0.0
1 51 9 0.0 0.0 0.0 0.0 0.0
1 51 10 0.0 0.0 0.0 0.0 0.0
1 51 11 0.0 0.0 0.0 0.0 0.0
1 51 12 0.0 0.0 0.0 0.0 0.0
1 51 13 0.0 0.0 0.0 0.0 0.0
1 51 14 0.0 0.0 0.0 0.0 0.0
1 51 15 0.0 0.0 0.0 0.0 0.0
1 51 16 0.0 0.0 0.0 0.0 0.0
1 51 17 0.0 0.0 0.0 0.0 0.0
1 51 18 0.0 0.0 0.0 0.0 0.0
1 51 19 0.0 0.0 0.0 0.0 0.0
1 51 20 0.0 0.0 0.0 0.0 0.0
1 51 21 0.0 0.0 0.0 0.0 0.0
1 51 22 0.0 0.0 0.0 0.0 0.0
1 51 23 0.0 0.0 0.0 0.0 0.0
1 51 24 0.0 0.0 0.0 0.0 0.0
1 51 25 0.0 0.0 0.0 0.0 0.0
1 51 26 0.0 0.0 0.0 0.0 0.0
1 51 27 0.0 0.0 0.0 0.0 0.0
1 51 28 0.0 0.0 0.0 0.0 0.0
1 51 29 0.0 0.0 0.0 0.0 0.0
1 51 30 0.0 0.0 0.0 0.0 0.0
1 51 31 0.0 0.0 0.0 0.0 0.0
1 51 32 0.0 0.0 0.0 0.0 0.0
1 51 33 0.0 0.0 0.0 0.0 0.0
1 51 34 0.0 0.0 0.0 0.0 0.0
1 51 35 0.0 0.0 0.0 0.0 0.0
1 51 36 0.0 0.0 0.0 0.0 0.0
1 51 37 0.0 0.0 0.0 0.0 0.0
1 51 38 0.0 0.0 0.0 0.0 0.0
1 51 39 0.0 0.0 0.0 0.0 0.0
1 51 40 0.0 0.0 0.0 0.0 0.0
1 51 41 0.0 0.0 0.0 0.0 0.0
1 51 42 0.0 0.0 0.0 0.0 0.0
1 51 43 0.0 0.0 0.0 0.0 0.0
1 51 44 0.0 0.0 0.0 0.0 0.0
1 51 45 0.0 0.0 0.0 0.0 0.0
1 51 46 0.0 0.0 0.0 0.0 0.0
1 51 47 0.0 0.0 0.0 0.0 0.0
1 51 48 0.0 0.0 0.0 0.0 0.0
1 51 49 0.0 0.0 0.0 0.0 0.0
1 51 50 0.0 0.0 0.0 0.0 0.0
1 51 51 0.0 0.0 0.0 0.0 0.0
1 51 52 0.0 0.0 0.0 0.0 0.0
1 51 53 0.0 0.0 0.0 0.0 0.0
1 51 54 0.0 0.0 0.0 0.0 0.0
1 51 55 0.0 0.0 0.0 0.0 0.0
1 51 56 0.0 0.0 0.0 0.0 0.0
1 51 57 0.0 0.0 0.0 0.0 0.0
1 51 58 0.0 0.0 0.0 0.0 0.0
1 51 59 0.0 0.0 0.0 0.0 0.0
1 51 60 0.0 0.0 0.0 0.0 0.0
1 51 61 0.0 0.0 0.0 0.0 0.0
1 51 62 0.0 0.0 0.0 0.0 0.0
1 51 63 0.0 0.0 0.0 0.0 0.0
1 51 64 0.0 0.0 0.0 0.0 0.0
1 51 65 0.0 0.0 0.0 0.0 0.0
1 51 66 0.0 0.0 0.0 0.0 0.0
1 51 67 0.0 0.0 0.0 0.0 0.0
1 51 68 0.0 0.0 0.0 0.0 0.0
1 51 69 0.0 0.0 0.0 0.0 0.0
1 51 70 0.0 0.0 0.0 0.0 0.0
1 51 71 0.0 0.0 0.0 0.0 0.0
1 51 72 0.0 0.0 0.0 0.0 0.0
1 51 73 0.0 0.0 0.0 0.0 0.0
1 51 74 0.0 0.0 0.0 0.0 0.0
1 51 75 0.0 0.0 0.0 0.0 0.0
1 51 76 0.0 0.0 0.0 0.0 0.0
1 51 77 0.0 0.0 0.0 0.0 0.0
1 51 78 0.0 0.0 0.0 0.0 0.0
1 51 79 0.0 0.0 0.0 0.0 0.0
1 51 80 0.0 0.0 0.0 0.0 0.0
1 51 81 0.0 0.0 0.0 0.0 0.0
1 51 82 0.0 0.0 0.0 0.0 0.0
1 51 83 0.0 0.0 0.0 0.0 0.0
1 51 84 0.0 0.0 0.0 0.0 0.0
1 51 85 0.0 0.0 0.0 0.0 0.0
1 51 86 0.0 0.0 0.0 0.0 0.0
1 51 87 0.0 0.0 0.0 0.0 0.0
1 51 88 0.0 0.0 0.0 0.0 0.0
1 51 89 0.0 0.0 0.0 0.0 0.0
1 51 90 0.0 0.0 0.0 0.0 0.0
1 51 91 0.0 0.0 0.0 0.0 0.0
1 51 92 0.0 0.0 0.0 0.0 0.0
1 51 93 0.0 0.0 0.0 0.0 0.0
1 51 94 0.0 0.0 0.0 0.0 0.0
1 51 95 0.0 0.0 0.0 0.0 0.0
1 51 96 0.0 0.0 0.0 0.0 0.0
1 51 97 0.0 0.0 0.0 0.0 0.0
1 51 98 0.0 0.0 0.0 0.0 0.0
1 51 99 0.0 0.0 0.0 0.0 0.0
